0.000000000000000000e+00
0.000000000000000000e+00
9.958744049072265625e-04
0.000000000000000000e+00
9.968280792236328125e-04
0.000000000000000000e+00
0.000000000000000000e+00
0.000000000000000000e+00
9.965896606445312500e-04
9.992122650146484375e-04
0.000000000000000000e+00
0.000000000000000000e+00
9.984970092773437500e-04
0.000000000000000000e+00
9.975433349609375000e-04
9.980201721191406250e-04
9.980201721191406250e-04
1.008510589599609375e-03
1.995563507080078125e-03
0.000000000000000000e+00
1.012325286865234375e-03
9.989738464355468750e-04
9.980201721191406250e-04
9.977817535400390625e-04
9.973049163818359375e-04
9.975433349609375000e-04
9.977817535400390625e-04
0.000000000000000000e+00
0.000000000000000000e+00
0.000000000000000000e+00
0.000000000000000000e+00
0.000000000000000000e+00
0.000000000000000000e+00
0.000000000000000000e+00
0.000000000000000000e+00
0.000000000000000000e+00
0.000000000000000000e+00
0.000000000000000000e+00
0.000000000000000000e+00
0.000000000000000000e+00
0.000000000000000000e+00
0.000000000000000000e+00
0.000000000000000000e+00
0.000000000000000000e+00
0.000000000000000000e+00
0.000000000000000000e+00
0.000000000000000000e+00
9.984970092773437500e-04
0.000000000000000000e+00
0.000000000000000000e+00
9.989738464355468750e-04
0.000000000000000000e+00
9.970664978027343750e-04
0.000000000000000000e+00
9.970664978027343750e-04
9.999275207519531250e-04
9.949207305908203125e-04
1.031875610351562500e-03
9.980201721191406250e-04
2.990961074829101562e-03
4.990100860595703125e-03
5.986452102661132812e-03
3.989696502685546875e-03
4.986524581909179688e-03
1.008510589599609375e-03
1.000165939331054688e-03
0.000000000000000000e+00
9.975433349609375000e-04
5.985260009765625000e-03
9.982585906982421875e-04
9.984970092773437500e-04
0.000000000000000000e+00
1.998186111450195312e-03
9.918212890625000000e-04
0.000000000000000000e+00
9.968280792236328125e-04
9.973049163818359375e-04
9.946823120117187500e-04
9.984970092773437500e-04
0.000000000000000000e+00
2.990961074829101562e-03
2.988100051879882812e-03
0.000000000000000000e+00
0.000000000000000000e+00
0.000000000000000000e+00
3.988742828369140625e-03
0.000000000000000000e+00
0.000000000000000000e+00
9.977817535400390625e-04
0.000000000000000000e+00
0.000000000000000000e+00
7.979869842529296875e-03
3.980398178100585938e-03
9.982585906982421875e-04
9.982585906982421875e-04
0.000000000000000000e+00
9.992122650146484375e-04
9.975433349609375000e-04
9.996891021728515625e-04
0.000000000000000000e+00
0.000000000000000000e+00
0.000000000000000000e+00
0.000000000000000000e+00
9.982585906982421875e-04
9.958744049072265625e-04
0.000000000000000000e+00
0.000000000000000000e+00
0.000000000000000000e+00
0.000000000000000000e+00
0.000000000000000000e+00
0.000000000000000000e+00
0.000000000000000000e+00
0.000000000000000000e+00
0.000000000000000000e+00
0.000000000000000000e+00
0.000000000000000000e+00
0.000000000000000000e+00
0.000000000000000000e+00
0.000000000000000000e+00
0.000000000000000000e+00
9.801387786865234375e-04
0.000000000000000000e+00
0.000000000000000000e+00
0.000000000000000000e+00
0.000000000000000000e+00
0.000000000000000000e+00
0.000000000000000000e+00
0.000000000000000000e+00
9.989738464355468750e-04
1.993179321289062500e-03
9.970664978027343750e-04
0.000000000000000000e+00
9.970664978027343750e-04
0.000000000000000000e+00
9.989738464355468750e-04
0.000000000000000000e+00
0.000000000000000000e+00
3.987312316894531250e-03
3.993034362792968750e-03
7.983446121215820312e-03
3.988742828369140625e-03
3.987789154052734375e-03
3.990888595581054688e-03
3.988504409790039062e-03
6.983518600463867188e-03
3.988742828369140625e-03
9.970664978027343750e-04
0.000000000000000000e+00
2.991914749145507812e-03
9.989738464355468750e-04
0.000000000000000000e+00
9.922981262207031250e-04
0.000000000000000000e+00
9.889602661132812500e-04
9.977817535400390625e-04
0.000000000000000000e+00
0.000000000000000000e+00
0.000000000000000000e+00
9.975433349609375000e-04
9.984970092773437500e-04
1.995801925659179688e-03
0.000000000000000000e+00
0.000000000000000000e+00
0.000000000000000000e+00
9.984970092773437500e-04
0.000000000000000000e+00
0.000000000000000000e+00
0.000000000000000000e+00
0.000000000000000000e+00
9.844303131103515625e-04
0.000000000000000000e+00
0.000000000000000000e+00
9.982585906982421875e-04
0.000000000000000000e+00
0.000000000000000000e+00
0.000000000000000000e+00
0.000000000000000000e+00
0.000000000000000000e+00
0.000000000000000000e+00
0.000000000000000000e+00
0.000000000000000000e+00
0.000000000000000000e+00
0.000000000000000000e+00
0.000000000000000000e+00
0.000000000000000000e+00
0.000000000000000000e+00
0.000000000000000000e+00
0.000000000000000000e+00
0.000000000000000000e+00
9.965896606445312500e-04
0.000000000000000000e+00
9.980201721191406250e-04
0.000000000000000000e+00
0.000000000000000000e+00
0.000000000000000000e+00
0.000000000000000000e+00
0.000000000000000000e+00
0.000000000000000000e+00
0.000000000000000000e+00
0.000000000000000000e+00
0.000000000000000000e+00
0.000000000000000000e+00
0.000000000000000000e+00
1.005172729492187500e-03
9.965896606445312500e-04
0.000000000000000000e+00
0.000000000000000000e+00
0.000000000000000000e+00
0.000000000000000000e+00
0.000000000000000000e+00
0.000000000000000000e+00
0.000000000000000000e+00
0.000000000000000000e+00
0.000000000000000000e+00
9.984970092773437500e-04
0.000000000000000000e+00
0.000000000000000000e+00
9.880065917968750000e-04
0.000000000000000000e+00
1.004219055175781250e-03
1.000642776489257812e-03
6.980657577514648438e-03
7.013797760009765625e-03
5.985736846923828125e-03
2.992153167724609375e-03
3.978252410888671875e-03
5.982875823974609375e-03
5.967617034912109375e-03
3.989458084106445312e-03
5.981683731079101562e-03
6.959199905395507812e-03
9.075880050659179688e-02
9.674048423767089844e-02
1.376733779907226562e-01
4.991292953491210938e-03
4.987716674804687500e-03
8.975744247436523438e-03
9.968280792236328125e-04
0.000000000000000000e+00
9.963512420654296875e-04
9.970664978027343750e-04
5.983114242553710938e-03
7.978439331054687500e-03
9.970188140869140625e-03
9.982585906982421875e-04
9.989738464355468750e-04
9.961128234863281250e-04
0.000000000000000000e+00
9.963512420654296875e-04
0.000000000000000000e+00
0.000000000000000000e+00
0.000000000000000000e+00
0.000000000000000000e+00
9.973049163818359375e-04
1.004934310913085938e-03
0.000000000000000000e+00
0.000000000000000000e+00
0.000000000000000000e+00
0.000000000000000000e+00
0.000000000000000000e+00
0.000000000000000000e+00
0.000000000000000000e+00
0.000000000000000000e+00
0.000000000000000000e+00
1.008510589599609375e-03
0.000000000000000000e+00
0.000000000000000000e+00
0.000000000000000000e+00
0.000000000000000000e+00
9.946823120117187500e-04
0.000000000000000000e+00
9.939670562744140625e-04
0.000000000000000000e+00
0.000000000000000000e+00
0.000000000000000000e+00
0.000000000000000000e+00
0.000000000000000000e+00
0.000000000000000000e+00
0.000000000000000000e+00
0.000000000000000000e+00
0.000000000000000000e+00
9.984970092773437500e-04
9.996891021728515625e-04
9.992122650146484375e-04
0.000000000000000000e+00
0.000000000000000000e+00
0.000000000000000000e+00
0.000000000000000000e+00
0.000000000000000000e+00
9.992122650146484375e-04
9.977817535400390625e-04
9.942054748535156250e-04
9.961128234863281250e-04
9.987354278564453125e-04
9.965896606445312500e-04
5.986690521240234375e-03
5.984067916870117188e-03
6.972312927246093750e-03
4.988908767700195312e-03
5.982637405395507812e-03
7.978677749633789062e-03
5.982160568237304688e-03
1.992940902709960938e-03
9.982585906982421875e-04
0.000000000000000000e+00
0.000000000000000000e+00
9.989738464355468750e-04
9.946823120117187500e-04
0.000000000000000000e+00
0.000000000000000000e+00
0.000000000000000000e+00
0.000000000000000000e+00
1.000165939331054688e-03
0.000000000000000000e+00
0.000000000000000000e+00
0.000000000000000000e+00
0.000000000000000000e+00
0.000000000000000000e+00
0.000000000000000000e+00
9.968280792236328125e-04
0.000000000000000000e+00
9.958744049072265625e-04
9.946823120117187500e-04
0.000000000000000000e+00
0.000000000000000000e+00
0.000000000000000000e+00
9.999275207519531250e-04
1.994848251342773438e-03
9.984970092773437500e-04
9.987354278564453125e-04
9.975433349609375000e-04
1.000404357910156250e-03
5.984544754028320312e-03
4.985570907592773438e-03
3.990411758422851562e-03
3.991127014160156250e-03
3.990173339843750000e-03
8.976697921752929688e-03
9.977102279663085938e-03
9.973049163818359375e-04
9.930133819580078125e-04
0.000000000000000000e+00
1.995801925659179688e-03
9.937286376953125000e-04
0.000000000000000000e+00
9.977817535400390625e-04
0.000000000000000000e+00
0.000000000000000000e+00
0.000000000000000000e+00
0.000000000000000000e+00
0.000000000000000000e+00
0.000000000000000000e+00
0.000000000000000000e+00
0.000000000000000000e+00
0.000000000000000000e+00
0.000000000000000000e+00
0.000000000000000000e+00
9.958744049072265625e-04
0.000000000000000000e+00
0.000000000000000000e+00
9.973049163818359375e-04
0.000000000000000000e+00
1.011610031127929688e-03
0.000000000000000000e+00
9.982585906982421875e-04
9.975433349609375000e-04
0.000000000000000000e+00
0.000000000000000000e+00
0.000000000000000000e+00
2.006769180297851562e-03
1.998186111450195312e-03
5.986690521240234375e-03
7.978916168212890625e-03
3.991365432739257812e-03
5.973577499389648438e-03
6.980657577514648438e-03
0.000000000000000000e+00
9.977817535400390625e-04
9.999275207519531250e-04
1.981973648071289062e-03
8.978128433227539062e-03
4.986524581909179688e-03
4.986524581909179688e-03
1.096892356872558594e-02
5.985021591186523438e-03
9.974479675292968750e-03
0.000000000000000000e+00
9.989738464355468750e-04
0.000000000000000000e+00
9.963512420654296875e-04
1.992702484130859375e-03
9.977817535400390625e-04
9.963512420654296875e-04
9.818077087402343750e-04
0.000000000000000000e+00
0.000000000000000000e+00
0.000000000000000000e+00
0.000000000000000000e+00
0.000000000000000000e+00
9.994506835937500000e-04
9.994506835937500000e-04
1.000165939331054688e-03
0.000000000000000000e+00
0.000000000000000000e+00
0.000000000000000000e+00
0.000000000000000000e+00
0.000000000000000000e+00
9.977817535400390625e-04
0.000000000000000000e+00
0.000000000000000000e+00
0.000000000000000000e+00
0.000000000000000000e+00
0.000000000000000000e+00
0.000000000000000000e+00
0.000000000000000000e+00
0.000000000000000000e+00
0.000000000000000000e+00
0.000000000000000000e+00
0.000000000000000000e+00
9.977817535400390625e-04
9.958744049072265625e-04
0.000000000000000000e+00
0.000000000000000000e+00
0.000000000000000000e+00
0.000000000000000000e+00
9.992122650146484375e-04
0.000000000000000000e+00
9.973049163818359375e-04
0.000000000000000000e+00
0.000000000000000000e+00
1.006841659545898438e-03
0.000000000000000000e+00
0.000000000000000000e+00
0.000000000000000000e+00
0.000000000000000000e+00
0.000000000000000000e+00
0.000000000000000000e+00
0.000000000000000000e+00
0.000000000000000000e+00
0.000000000000000000e+00
0.000000000000000000e+00
0.000000000000000000e+00
0.000000000000000000e+00
0.000000000000000000e+00
0.000000000000000000e+00
0.000000000000000000e+00
9.975433349609375000e-04
0.000000000000000000e+00
0.000000000000000000e+00
0.000000000000000000e+00
0.000000000000000000e+00
0.000000000000000000e+00
0.000000000000000000e+00
0.000000000000000000e+00
0.000000000000000000e+00
0.000000000000000000e+00
9.980201721191406250e-04
9.975433349609375000e-04
0.000000000000000000e+00
9.984970092773437500e-04
0.000000000000000000e+00
0.000000000000000000e+00
9.980201721191406250e-04
9.977817535400390625e-04
0.000000000000000000e+00
0.000000000000000000e+00
0.000000000000000000e+00
0.000000000000000000e+00
9.968280792236328125e-04
0.000000000000000000e+00
0.000000000000000000e+00
0.000000000000000000e+00
9.875297546386718750e-04
0.000000000000000000e+00
0.000000000000000000e+00
0.000000000000000000e+00
0.000000000000000000e+00
0.000000000000000000e+00
0.000000000000000000e+00
0.000000000000000000e+00
0.000000000000000000e+00
0.000000000000000000e+00
0.000000000000000000e+00
9.880065917968750000e-04
0.000000000000000000e+00
0.000000000000000000e+00
0.000000000000000000e+00
0.000000000000000000e+00
0.000000000000000000e+00
0.000000000000000000e+00
0.000000000000000000e+00
9.884834289550781250e-04
0.000000000000000000e+00
0.000000000000000000e+00
0.000000000000000000e+00
0.000000000000000000e+00
0.000000000000000000e+00
9.949207305908203125e-04
1.001834869384765625e-03
0.000000000000000000e+00
0.000000000000000000e+00
0.000000000000000000e+00
0.000000000000000000e+00
9.968280792236328125e-04
0.000000000000000000e+00
0.000000000000000000e+00
0.000000000000000000e+00
0.000000000000000000e+00
0.000000000000000000e+00
0.000000000000000000e+00
0.000000000000000000e+00
0.000000000000000000e+00
0.000000000000000000e+00
0.000000000000000000e+00
0.000000000000000000e+00
0.000000000000000000e+00
0.000000000000000000e+00
0.000000000000000000e+00
0.000000000000000000e+00
0.000000000000000000e+00
0.000000000000000000e+00
0.000000000000000000e+00
0.000000000000000000e+00
9.846687316894531250e-04
0.000000000000000000e+00
0.000000000000000000e+00
0.000000000000000000e+00
0.000000000000000000e+00
1.002311706542968750e-03
0.000000000000000000e+00
9.973049163818359375e-04
9.844303131103515625e-04
0.000000000000000000e+00
0.000000000000000000e+00
9.996891021728515625e-04
0.000000000000000000e+00
0.000000000000000000e+00
9.970664978027343750e-04
0.000000000000000000e+00
0.000000000000000000e+00
0.000000000000000000e+00
9.860992431640625000e-04
0.000000000000000000e+00
1.010656356811523438e-03
0.000000000000000000e+00
0.000000000000000000e+00
9.970664978027343750e-04
0.000000000000000000e+00
0.000000000000000000e+00
0.000000000000000000e+00
0.000000000000000000e+00
9.984970092773437500e-04
0.000000000000000000e+00
9.989738464355468750e-04
9.977817535400390625e-04
1.022100448608398438e-03
9.956359863281250000e-04
9.980201721191406250e-04
9.984970092773437500e-04
1.991987228393554688e-03
9.934902191162109375e-04
1.995086669921875000e-03
0.000000000000000000e+00
9.825229644775390625e-04
0.000000000000000000e+00
0.000000000000000000e+00
0.000000000000000000e+00
0.000000000000000000e+00
0.000000000000000000e+00
0.000000000000000000e+00
0.000000000000000000e+00
0.000000000000000000e+00
0.000000000000000000e+00
0.000000000000000000e+00
0.000000000000000000e+00
0.000000000000000000e+00
9.977817535400390625e-04
1.022100448608398438e-03
9.956359863281250000e-04
9.977817535400390625e-04
0.000000000000000000e+00
0.000000000000000000e+00
0.000000000000000000e+00
0.000000000000000000e+00
9.989738464355468750e-04
0.000000000000000000e+00
0.000000000000000000e+00
0.000000000000000000e+00
0.000000000000000000e+00
9.834766387939453125e-04
9.982585906982421875e-04
0.000000000000000000e+00
0.000000000000000000e+00
9.973049163818359375e-04
0.000000000000000000e+00
9.982585906982421875e-04
0.000000000000000000e+00
0.000000000000000000e+00
0.000000000000000000e+00
0.000000000000000000e+00
0.000000000000000000e+00
0.000000000000000000e+00
0.000000000000000000e+00
9.908676147460937500e-04
0.000000000000000000e+00
0.000000000000000000e+00
0.000000000000000000e+00
0.000000000000000000e+00
0.000000000000000000e+00
0.000000000000000000e+00
0.000000000000000000e+00
0.000000000000000000e+00
0.000000000000000000e+00
0.000000000000000000e+00
9.963512420654296875e-04
0.000000000000000000e+00
9.968280792236328125e-04
0.000000000000000000e+00
0.000000000000000000e+00
9.989738464355468750e-04
0.000000000000000000e+00
0.000000000000000000e+00
0.000000000000000000e+00
0.000000000000000000e+00
0.000000000000000000e+00
0.000000000000000000e+00
1.000642776489257812e-03
9.987354278564453125e-04
0.000000000000000000e+00
0.000000000000000000e+00
9.973049163818359375e-04
0.000000000000000000e+00
0.000000000000000000e+00
0.000000000000000000e+00
0.000000000000000000e+00
0.000000000000000000e+00
0.000000000000000000e+00
0.000000000000000000e+00
0.000000000000000000e+00
0.000000000000000000e+00
0.000000000000000000e+00
0.000000000000000000e+00
0.000000000000000000e+00
0.000000000000000000e+00
0.000000000000000000e+00
0.000000000000000000e+00
0.000000000000000000e+00
0.000000000000000000e+00
9.961128234863281250e-04
0.000000000000000000e+00
0.000000000000000000e+00
0.000000000000000000e+00
9.965896606445312500e-04
0.000000000000000000e+00
9.970664978027343750e-04
0.000000000000000000e+00
0.000000000000000000e+00
0.000000000000000000e+00
9.975433349609375000e-04
0.000000000000000000e+00
0.000000000000000000e+00
0.000000000000000000e+00
0.000000000000000000e+00
0.000000000000000000e+00
0.000000000000000000e+00
0.000000000000000000e+00
0.000000000000000000e+00
0.000000000000000000e+00
0.000000000000000000e+00
9.982585906982421875e-04
0.000000000000000000e+00
0.000000000000000000e+00
0.000000000000000000e+00
0.000000000000000000e+00
0.000000000000000000e+00
0.000000000000000000e+00
9.994506835937500000e-04
0.000000000000000000e+00
0.000000000000000000e+00
0.000000000000000000e+00
0.000000000000000000e+00
0.000000000000000000e+00
0.000000000000000000e+00
0.000000000000000000e+00
0.000000000000000000e+00
0.000000000000000000e+00
0.000000000000000000e+00
0.000000000000000000e+00
0.000000000000000000e+00
0.000000000000000000e+00
9.982585906982421875e-04
9.975433349609375000e-04
0.000000000000000000e+00
9.973049163818359375e-04
0.000000000000000000e+00
0.000000000000000000e+00
0.000000000000000000e+00
0.000000000000000000e+00
0.000000000000000000e+00
9.984970092773437500e-04
0.000000000000000000e+00
9.965896606445312500e-04
0.000000000000000000e+00
9.970664978027343750e-04
0.000000000000000000e+00
0.000000000000000000e+00
9.989738464355468750e-04
0.000000000000000000e+00
0.000000000000000000e+00
0.000000000000000000e+00
1.014232635498046875e-03
0.000000000000000000e+00
9.977817535400390625e-04
0.000000000000000000e+00
0.000000000000000000e+00
0.000000000000000000e+00
0.000000000000000000e+00
1.003503799438476562e-03
0.000000000000000000e+00
0.000000000000000000e+00
0.000000000000000000e+00
0.000000000000000000e+00
0.000000000000000000e+00
0.000000000000000000e+00
1.000404357910156250e-03
0.000000000000000000e+00
9.987354278564453125e-04
9.973049163818359375e-04
0.000000000000000000e+00
0.000000000000000000e+00
0.000000000000000000e+00
0.000000000000000000e+00
9.975433349609375000e-04
1.001119613647460938e-03
9.970664978027343750e-04
9.984970092773437500e-04
8.985519409179687500e-03
9.973287582397460938e-03
1.097106933593750000e-02
7.980346679687500000e-03
2.990961074829101562e-03
7.980585098266601562e-03
7.978677749633789062e-03
8.974313735961914062e-03
6.978988647460937500e-03
4.985332489013671875e-03
9.984970092773437500e-04
9.975433349609375000e-04
6.972789764404296875e-03
9.980201721191406250e-04
9.984970092773437500e-04
0.000000000000000000e+00
0.000000000000000000e+00
0.000000000000000000e+00
1.010179519653320312e-03
9.965896606445312500e-04
9.982585906982421875e-04
9.980201721191406250e-04
1.004457473754882812e-03
9.975433349609375000e-04
0.000000000000000000e+00
0.000000000000000000e+00
0.000000000000000000e+00
0.000000000000000000e+00
0.000000000000000000e+00
0.000000000000000000e+00
0.000000000000000000e+00
9.963512420654296875e-04
0.000000000000000000e+00
0.000000000000000000e+00
0.000000000000000000e+00
0.000000000000000000e+00
0.000000000000000000e+00
0.000000000000000000e+00
0.000000000000000000e+00
0.000000000000000000e+00
0.000000000000000000e+00
0.000000000000000000e+00
0.000000000000000000e+00
0.000000000000000000e+00
0.000000000000000000e+00
0.000000000000000000e+00
0.000000000000000000e+00
0.000000000000000000e+00
0.000000000000000000e+00
0.000000000000000000e+00
0.000000000000000000e+00
9.965896606445312500e-04
0.000000000000000000e+00
0.000000000000000000e+00
0.000000000000000000e+00
0.000000000000000000e+00
0.000000000000000000e+00
0.000000000000000000e+00
0.000000000000000000e+00
9.989738464355468750e-04
0.000000000000000000e+00
9.977817535400390625e-04
0.000000000000000000e+00
0.000000000000000000e+00
0.000000000000000000e+00
1.008510589599609375e-03
0.000000000000000000e+00
0.000000000000000000e+00
0.000000000000000000e+00
0.000000000000000000e+00
0.000000000000000000e+00
0.000000000000000000e+00
0.000000000000000000e+00
0.000000000000000000e+00
0.000000000000000000e+00
0.000000000000000000e+00
0.000000000000000000e+00
9.973049163818359375e-04
0.000000000000000000e+00
0.000000000000000000e+00
9.922981262207031250e-04
0.000000000000000000e+00
0.000000000000000000e+00
0.000000000000000000e+00
0.000000000000000000e+00
9.987354278564453125e-04
9.987354278564453125e-04
0.000000000000000000e+00
9.958744049072265625e-04
0.000000000000000000e+00
0.000000000000000000e+00
0.000000000000000000e+00
0.000000000000000000e+00
0.000000000000000000e+00
9.975433349609375000e-04
0.000000000000000000e+00
9.970664978027343750e-04
9.984970092773437500e-04
0.000000000000000000e+00
9.970664978027343750e-04
0.000000000000000000e+00
0.000000000000000000e+00
0.000000000000000000e+00
0.000000000000000000e+00
0.000000000000000000e+00
0.000000000000000000e+00
0.000000000000000000e+00
0.000000000000000000e+00
0.000000000000000000e+00
0.000000000000000000e+00
0.000000000000000000e+00
0.000000000000000000e+00
0.000000000000000000e+00
0.000000000000000000e+00
0.000000000000000000e+00
9.982585906982421875e-04
0.000000000000000000e+00
0.000000000000000000e+00
0.000000000000000000e+00
9.958744049072265625e-04
0.000000000000000000e+00
0.000000000000000000e+00
0.000000000000000000e+00
0.000000000000000000e+00
0.000000000000000000e+00
0.000000000000000000e+00
0.000000000000000000e+00
0.000000000000000000e+00
0.000000000000000000e+00
9.965896606445312500e-04
0.000000000000000000e+00
0.000000000000000000e+00
9.958744049072265625e-04
0.000000000000000000e+00
0.000000000000000000e+00
0.000000000000000000e+00
0.000000000000000000e+00
0.000000000000000000e+00
0.000000000000000000e+00
0.000000000000000000e+00
0.000000000000000000e+00
0.000000000000000000e+00
0.000000000000000000e+00
9.999275207519531250e-04
0.000000000000000000e+00
0.000000000000000000e+00
0.000000000000000000e+00
9.982585906982421875e-04
0.000000000000000000e+00
0.000000000000000000e+00
0.000000000000000000e+00
0.000000000000000000e+00
0.000000000000000000e+00
0.000000000000000000e+00
0.000000000000000000e+00
0.000000000000000000e+00
0.000000000000000000e+00
0.000000000000000000e+00
0.000000000000000000e+00
0.000000000000000000e+00
0.000000000000000000e+00
0.000000000000000000e+00
0.000000000000000000e+00
0.000000000000000000e+00
0.000000000000000000e+00
0.000000000000000000e+00
0.000000000000000000e+00
0.000000000000000000e+00
0.000000000000000000e+00
0.000000000000000000e+00
9.968280792236328125e-04
0.000000000000000000e+00
9.965896606445312500e-04
0.000000000000000000e+00
0.000000000000000000e+00
0.000000000000000000e+00
0.000000000000000000e+00
9.968280792236328125e-04
0.000000000000000000e+00
0.000000000000000000e+00
0.000000000000000000e+00
0.000000000000000000e+00
9.884834289550781250e-04
0.000000000000000000e+00
0.000000000000000000e+00
0.000000000000000000e+00
0.000000000000000000e+00
0.000000000000000000e+00
0.000000000000000000e+00
0.000000000000000000e+00
0.000000000000000000e+00
0.000000000000000000e+00
0.000000000000000000e+00
0.000000000000000000e+00
0.000000000000000000e+00
0.000000000000000000e+00
0.000000000000000000e+00
9.970664978027343750e-04
0.000000000000000000e+00
0.000000000000000000e+00
0.000000000000000000e+00
9.958744049072265625e-04
0.000000000000000000e+00
9.987354278564453125e-04
0.000000000000000000e+00
9.992122650146484375e-04
9.992122650146484375e-04
9.973049163818359375e-04
9.984970092773437500e-04
9.982585906982421875e-04
9.915828704833984375e-04
2.002477645874023438e-03
9.994506835937500000e-04
0.000000000000000000e+00
0.000000000000000000e+00
9.989738464355468750e-04
9.856224060058593750e-04
0.000000000000000000e+00
0.000000000000000000e+00
0.000000000000000000e+00
0.000000000000000000e+00
9.973049163818359375e-04
0.000000000000000000e+00
0.000000000000000000e+00
0.000000000000000000e+00
0.000000000000000000e+00
0.000000000000000000e+00
9.894371032714843750e-04
0.000000000000000000e+00
9.977817535400390625e-04
0.000000000000000000e+00
9.953975677490234375e-04
0.000000000000000000e+00
0.000000000000000000e+00
9.973049163818359375e-04
0.000000000000000000e+00
0.000000000000000000e+00
0.000000000000000000e+00
0.000000000000000000e+00
0.000000000000000000e+00
9.927749633789062500e-04
1.004219055175781250e-03
0.000000000000000000e+00
0.000000000000000000e+00
0.000000000000000000e+00
0.000000000000000000e+00
0.000000000000000000e+00
0.000000000000000000e+00
0.000000000000000000e+00
0.000000000000000000e+00
0.000000000000000000e+00
0.000000000000000000e+00
0.000000000000000000e+00
0.000000000000000000e+00
0.000000000000000000e+00
0.000000000000000000e+00
0.000000000000000000e+00
9.977817535400390625e-04
0.000000000000000000e+00
0.000000000000000000e+00
0.000000000000000000e+00
0.000000000000000000e+00
0.000000000000000000e+00
0.000000000000000000e+00
0.000000000000000000e+00
0.000000000000000000e+00
0.000000000000000000e+00
0.000000000000000000e+00
0.000000000000000000e+00
9.961128234863281250e-04
0.000000000000000000e+00
9.977817535400390625e-04
9.906291961669921875e-04
4.986286163330078125e-03
3.982782363891601562e-03
4.976034164428710938e-03
5.984783172607421875e-03
3.989934921264648438e-03
3.989219665527343750e-03
2.991199493408203125e-03
9.996891021728515625e-04
9.925365447998046875e-04
1.002073287963867188e-03
1.001596450805664062e-03
0.000000000000000000e+00
9.994506835937500000e-04
9.839534759521484375e-04
9.989738464355468750e-04
9.965896606445312500e-04
9.973049163818359375e-04
9.987354278564453125e-04
0.000000000000000000e+00
0.000000000000000000e+00
0.000000000000000000e+00
0.000000000000000000e+00
0.000000000000000000e+00
0.000000000000000000e+00
0.000000000000000000e+00
0.000000000000000000e+00
0.000000000000000000e+00
0.000000000000000000e+00
0.000000000000000000e+00
0.000000000000000000e+00
0.000000000000000000e+00
0.000000000000000000e+00
0.000000000000000000e+00
0.000000000000000000e+00
0.000000000000000000e+00
0.000000000000000000e+00
0.000000000000000000e+00
0.000000000000000000e+00
9.994506835937500000e-04
0.000000000000000000e+00
0.000000000000000000e+00
0.000000000000000000e+00
0.000000000000000000e+00
9.982585906982421875e-04
0.000000000000000000e+00
0.000000000000000000e+00
0.000000000000000000e+00
0.000000000000000000e+00
0.000000000000000000e+00
0.000000000000000000e+00
0.000000000000000000e+00
0.000000000000000000e+00
0.000000000000000000e+00
0.000000000000000000e+00
0.000000000000000000e+00
0.000000000000000000e+00
0.000000000000000000e+00
0.000000000000000000e+00
0.000000000000000000e+00
0.000000000000000000e+00
0.000000000000000000e+00
0.000000000000000000e+00
0.000000000000000000e+00
0.000000000000000000e+00
9.949207305908203125e-04
0.000000000000000000e+00
0.000000000000000000e+00
0.000000000000000000e+00
0.000000000000000000e+00
9.977817535400390625e-04
9.949207305908203125e-04
2.013206481933593750e-03
9.980201721191406250e-04
9.982585906982421875e-04
9.958744049072265625e-04
9.977817535400390625e-04
7.984399795532226562e-03
3.988981246948242188e-03
1.067185401916503906e-01
8.775758743286132812e-02
2.992630004882812500e-03
9.773993492126464844e-02
8.874869346618652344e-02
3.150560617446899414e+00
8.976054191589355469e-02
1.147365570068359375e-01
8.976125717163085938e-02
9.873843193054199219e-02
8.182358741760253906e-02
8.776664733886718750e-02
9.178566932678222656e-02
9.674024581909179688e-02
7.779073715209960938e-02
4.027843475341796875e-03
1.007304191589355469e-01
3.121631860733032227e+00
3.162579298019409180e+00
3.165532827377319336e+00
3.164500951766967773e+00
3.158597707748413086e+00
3.166528701782226562e+00
3.329093217849731445e+00
3.427867174148559570e+00
8.082628250122070312e-02
7.782793045043945312e-02
6.020307540893554688e-03
9.782314300537109375e-04
0.000000000000000000e+00
0.000000000000000000e+00
0.000000000000000000e+00
9.973049163818359375e-04
0.000000000000000000e+00
1.034021377563476562e-03
1.034021377563476562e-03
9.965896606445312500e-04
9.973049163818359375e-04
9.980201721191406250e-04
0.000000000000000000e+00
9.968280792236328125e-04
8.975982666015625000e-03
9.974479675292968750e-03
7.966279983520507812e-03
5.983829498291015625e-03
3.988265991210937500e-03
4.983425140380859375e-03
6.982803344726562500e-03
3.988027572631835938e-03
3.988981246948242188e-03
3.988742828369140625e-03
3.989219665527343750e-03
4.987239837646484375e-03
3.985404968261718750e-03
3.989219665527343750e-03
1.037244796752929688e-01
8.680653572082519531e-02
8.480215072631835938e-02
4.026174545288085938e-03
4.976034164428710938e-03
8.182168006896972656e-02
8.475446701049804688e-02
8.681321144104003906e-02
7.882857322692871094e-02
7.583951950073242188e-02
8.481407165527343750e-02
3.988265991210937500e-03
3.021717071533203125e-03
1.028776168823242188e-03
1.028776168823242188e-03
1.027822494506835938e-03
9.987354278564453125e-04
5.984306335449218750e-03
8.979082107543945312e-03
3.989458084106445312e-03
9.992122650146484375e-04
9.973049163818359375e-04
9.984970092773437500e-04
0.000000000000000000e+00
9.977817535400390625e-04
9.882450103759765625e-04
0.000000000000000000e+00
0.000000000000000000e+00
0.000000000000000000e+00
0.000000000000000000e+00
0.000000000000000000e+00
0.000000000000000000e+00
9.965896606445312500e-04
0.000000000000000000e+00
9.963512420654296875e-04
0.000000000000000000e+00
0.000000000000000000e+00
9.860992431640625000e-04
9.984970092773437500e-04
0.000000000000000000e+00
0.000000000000000000e+00
9.977817535400390625e-04
3.987789154052734375e-03
3.989219665527343750e-03
0.000000000000000000e+00
9.970664978027343750e-04
0.000000000000000000e+00
1.996040344238281250e-03
0.000000000000000000e+00
9.999275207519531250e-04
0.000000000000000000e+00
9.980201721191406250e-04
9.989738464355468750e-04
0.000000000000000000e+00
6.982326507568359375e-03
9.977817535400390625e-04
0.000000000000000000e+00
0.000000000000000000e+00
0.000000000000000000e+00
0.000000000000000000e+00
0.000000000000000000e+00
0.000000000000000000e+00
0.000000000000000000e+00
9.977817535400390625e-04
9.965896606445312500e-04
0.000000000000000000e+00
9.868144989013671875e-04
0.000000000000000000e+00
9.980201721191406250e-04
0.000000000000000000e+00
0.000000000000000000e+00
0.000000000000000000e+00
0.000000000000000000e+00
0.000000000000000000e+00
0.000000000000000000e+00
0.000000000000000000e+00
0.000000000000000000e+00
0.000000000000000000e+00
0.000000000000000000e+00
0.000000000000000000e+00
0.000000000000000000e+00
9.980201721191406250e-04
0.000000000000000000e+00
0.000000000000000000e+00
0.000000000000000000e+00
0.000000000000000000e+00
9.984970092773437500e-04
0.000000000000000000e+00
0.000000000000000000e+00
0.000000000000000000e+00
0.000000000000000000e+00
0.000000000000000000e+00
0.000000000000000000e+00
9.982585906982421875e-04
0.000000000000000000e+00
0.000000000000000000e+00
9.987354278564453125e-04
0.000000000000000000e+00
9.982585906982421875e-04
9.973049163818359375e-04
9.968280792236328125e-04
4.985570907592773438e-03
8.178114891052246094e-02
8.277606964111328125e-02
3.974199295043945312e-03
6.959438323974609375e-03
5.986690521240234375e-03
8.977651596069335938e-03
4.985094070434570312e-03
3.016710281372070312e-03
3.989458084106445312e-03
4.973411560058593750e-03
2.990484237670898438e-03
3.988265991210937500e-03
5.985736846923828125e-03
2.990722656250000000e-03
2.992153167724609375e-03
3.988742828369140625e-03
4.987478256225585938e-03
5.982160568237304688e-03
0.000000000000000000e+00
0.000000000000000000e+00
0.000000000000000000e+00
0.000000000000000000e+00
0.000000000000000000e+00
0.000000000000000000e+00
9.944438934326171875e-04
0.000000000000000000e+00
9.973049163818359375e-04
0.000000000000000000e+00
0.000000000000000000e+00
0.000000000000000000e+00
0.000000000000000000e+00
0.000000000000000000e+00
0.000000000000000000e+00
0.000000000000000000e+00
9.973049163818359375e-04
0.000000000000000000e+00
0.000000000000000000e+00
0.000000000000000000e+00
0.000000000000000000e+00
0.000000000000000000e+00
0.000000000000000000e+00
0.000000000000000000e+00
0.000000000000000000e+00
9.868144989013671875e-04
0.000000000000000000e+00
0.000000000000000000e+00
0.000000000000000000e+00
0.000000000000000000e+00
0.000000000000000000e+00
0.000000000000000000e+00
0.000000000000000000e+00
0.000000000000000000e+00
9.958744049072265625e-04
0.000000000000000000e+00
0.000000000000000000e+00
0.000000000000000000e+00
0.000000000000000000e+00
0.000000000000000000e+00
0.000000000000000000e+00
0.000000000000000000e+00
0.000000000000000000e+00
0.000000000000000000e+00
0.000000000000000000e+00
0.000000000000000000e+00
0.000000000000000000e+00
0.000000000000000000e+00
0.000000000000000000e+00
0.000000000000000000e+00
9.958744049072265625e-04
0.000000000000000000e+00
0.000000000000000000e+00
9.977817535400390625e-04
0.000000000000000000e+00
0.000000000000000000e+00
0.000000000000000000e+00
9.973049163818359375e-04
0.000000000000000000e+00
0.000000000000000000e+00
0.000000000000000000e+00
0.000000000000000000e+00
0.000000000000000000e+00
0.000000000000000000e+00
0.000000000000000000e+00
0.000000000000000000e+00
0.000000000000000000e+00
9.973049163818359375e-04
0.000000000000000000e+00
9.965896606445312500e-04
9.973049163818359375e-04
0.000000000000000000e+00
0.000000000000000000e+00
0.000000000000000000e+00
0.000000000000000000e+00
0.000000000000000000e+00
0.000000000000000000e+00
9.961128234863281250e-04
0.000000000000000000e+00
0.000000000000000000e+00
0.000000000000000000e+00
0.000000000000000000e+00
0.000000000000000000e+00
0.000000000000000000e+00
0.000000000000000000e+00
0.000000000000000000e+00
0.000000000000000000e+00
0.000000000000000000e+00
0.000000000000000000e+00
1.002311706542968750e-03
9.994506835937500000e-04
9.961128234863281250e-04
0.000000000000000000e+00
0.000000000000000000e+00
9.984970092773437500e-04
0.000000000000000000e+00
0.000000000000000000e+00
0.000000000000000000e+00
0.000000000000000000e+00
0.000000000000000000e+00
0.000000000000000000e+00
0.000000000000000000e+00
0.000000000000000000e+00
0.000000000000000000e+00
0.000000000000000000e+00
0.000000000000000000e+00
0.000000000000000000e+00
0.000000000000000000e+00
0.000000000000000000e+00
0.000000000000000000e+00
0.000000000000000000e+00
0.000000000000000000e+00
0.000000000000000000e+00
0.000000000000000000e+00
0.000000000000000000e+00
0.000000000000000000e+00
0.000000000000000000e+00
0.000000000000000000e+00
0.000000000000000000e+00
0.000000000000000000e+00
0.000000000000000000e+00
0.000000000000000000e+00
9.968280792236328125e-04
9.994506835937500000e-04
9.992122650146484375e-04
9.982585906982421875e-04
0.000000000000000000e+00
0.000000000000000000e+00
0.000000000000000000e+00
0.000000000000000000e+00
0.000000000000000000e+00
1.000165939331054688e-03
9.980201721191406250e-04
9.989738464355468750e-04
9.961128234863281250e-04
9.992122650146484375e-04
9.987354278564453125e-04
1.004695892333984375e-03
9.975433349609375000e-04
9.994506835937500000e-04
0.000000000000000000e+00
0.000000000000000000e+00
0.000000000000000000e+00
0.000000000000000000e+00
0.000000000000000000e+00
0.000000000000000000e+00
9.977817535400390625e-04
0.000000000000000000e+00
0.000000000000000000e+00
0.000000000000000000e+00
0.000000000000000000e+00
0.000000000000000000e+00
0.000000000000000000e+00
0.000000000000000000e+00
3.977537155151367188e-03
5.981683731079101562e-03
0.000000000000000000e+00
0.000000000000000000e+00
0.000000000000000000e+00
1.001358032226562500e-03
9.965896606445312500e-04
9.996891021728515625e-04
1.992702484130859375e-03
0.000000000000000000e+00
5.981683731079101562e-03
5.984067916870117188e-03
5.983591079711914062e-03
6.989717483520507812e-03
5.981922149658203125e-03
4.983663558959960938e-03
5.000352859497070312e-03
4.986524581909179688e-03
3.988981246948242188e-03
5.984544754028320312e-03
3.988504409790039062e-03
3.988742828369140625e-03
3.985166549682617188e-03
4.986524581909179688e-03
1.995325088500976562e-03
9.956359863281250000e-04
0.000000000000000000e+00
0.000000000000000000e+00
0.000000000000000000e+00
0.000000000000000000e+00
0.000000000000000000e+00
9.968280792236328125e-04
0.000000000000000000e+00
0.000000000000000000e+00
0.000000000000000000e+00
0.000000000000000000e+00
0.000000000000000000e+00
9.965896606445312500e-04
0.000000000000000000e+00
0.000000000000000000e+00
0.000000000000000000e+00
0.000000000000000000e+00
0.000000000000000000e+00
0.000000000000000000e+00
1.005887985229492188e-03
0.000000000000000000e+00
0.000000000000000000e+00
0.000000000000000000e+00
0.000000000000000000e+00
0.000000000000000000e+00
0.000000000000000000e+00
0.000000000000000000e+00
0.000000000000000000e+00
0.000000000000000000e+00
9.968280792236328125e-04
0.000000000000000000e+00
0.000000000000000000e+00
0.000000000000000000e+00
0.000000000000000000e+00
0.000000000000000000e+00
0.000000000000000000e+00
0.000000000000000000e+00
0.000000000000000000e+00
9.963512420654296875e-04
0.000000000000000000e+00
0.000000000000000000e+00
0.000000000000000000e+00
0.000000000000000000e+00
0.000000000000000000e+00
0.000000000000000000e+00
0.000000000000000000e+00
9.977817535400390625e-04
0.000000000000000000e+00
0.000000000000000000e+00
0.000000000000000000e+00
0.000000000000000000e+00
9.973049163818359375e-04
0.000000000000000000e+00
9.984970092773437500e-04
9.968280792236328125e-04
0.000000000000000000e+00
9.977817535400390625e-04
0.000000000000000000e+00
9.980201721191406250e-04
9.977817535400390625e-04
9.977817535400390625e-04
9.970664978027343750e-04
0.000000000000000000e+00
0.000000000000000000e+00
1.000881195068359375e-03
0.000000000000000000e+00
0.000000000000000000e+00
0.000000000000000000e+00
0.000000000000000000e+00
0.000000000000000000e+00
0.000000000000000000e+00
0.000000000000000000e+00
0.000000000000000000e+00
0.000000000000000000e+00
0.000000000000000000e+00
0.000000000000000000e+00
9.977817535400390625e-04
0.000000000000000000e+00
0.000000000000000000e+00
0.000000000000000000e+00
0.000000000000000000e+00
0.000000000000000000e+00
0.000000000000000000e+00
0.000000000000000000e+00
9.825229644775390625e-04
9.965896606445312500e-04
4.986047744750976562e-03
6.982564926147460938e-03
2.991437911987304688e-03
4.985570907592773438e-03
6.981611251831054688e-03
3.988265991210937500e-03
5.971431732177734375e-03
7.980346679687500000e-03
4.986524581909179688e-03
3.988981246948242188e-03
3.988742828369140625e-03
4.986047744750976562e-03
8.976697921752929688e-03
1.037235260009765625e-01
8.875918388366699219e-02
1.486027240753173828e-01
1.685497760772705078e-01
4.419178247451782227e+00
3.729025602340698242e+00
3.341076612472534180e+00
8.775210380554199219e-02
3.200439691543579102e+00
9.075951576232910156e-02
9.080028533935546875e-02
8.481073379516601562e-02
7.019042968750000000e-03
4.025697708129882812e-03
9.927749633789062500e-04
9.996891021728515625e-04
1.034975051879882812e-03
0.000000000000000000e+00
0.000000000000000000e+00
9.977817535400390625e-04
9.980201721191406250e-04
9.970664978027343750e-04
0.000000000000000000e+00
9.958744049072265625e-04
0.000000000000000000e+00
0.000000000000000000e+00
0.000000000000000000e+00
9.975433349609375000e-04
9.977817535400390625e-04
4.985809326171875000e-03
8.978366851806640625e-03
0.000000000000000000e+00
9.882450103759765625e-04
0.000000000000000000e+00
9.994506835937500000e-04
0.000000000000000000e+00
9.934902191162109375e-04
9.794235229492187500e-04
0.000000000000000000e+00
0.000000000000000000e+00
0.000000000000000000e+00
0.000000000000000000e+00
9.977817535400390625e-04
0.000000000000000000e+00
0.000000000000000000e+00
0.000000000000000000e+00
0.000000000000000000e+00
0.000000000000000000e+00
0.000000000000000000e+00
0.000000000000000000e+00
0.000000000000000000e+00
0.000000000000000000e+00
0.000000000000000000e+00
0.000000000000000000e+00
0.000000000000000000e+00
9.977817535400390625e-04
0.000000000000000000e+00
0.000000000000000000e+00
0.000000000000000000e+00
0.000000000000000000e+00
0.000000000000000000e+00
0.000000000000000000e+00
0.000000000000000000e+00
0.000000000000000000e+00
0.000000000000000000e+00
0.000000000000000000e+00
9.963512420654296875e-04
1.000165939331054688e-03
9.973049163818359375e-04
0.000000000000000000e+00
0.000000000000000000e+00
9.884834289550781250e-04
9.963512420654296875e-04
0.000000000000000000e+00
0.000000000000000000e+00
9.970664978027343750e-04
0.000000000000000000e+00
0.000000000000000000e+00
9.953975677490234375e-04
9.987354278564453125e-04
9.975433349609375000e-04
9.965896606445312500e-04
0.000000000000000000e+00
9.949207305908203125e-04
0.000000000000000000e+00
0.000000000000000000e+00
0.000000000000000000e+00
9.965896606445312500e-04
0.000000000000000000e+00
1.000165939331054688e-03
9.984970092773437500e-04
0.000000000000000000e+00
0.000000000000000000e+00
0.000000000000000000e+00
0.000000000000000000e+00
0.000000000000000000e+00
0.000000000000000000e+00
0.000000000000000000e+00
0.000000000000000000e+00
0.000000000000000000e+00
1.001834869384765625e-03
0.000000000000000000e+00
9.977817535400390625e-04
9.856224060058593750e-04
2.011299133300781250e-03
0.000000000000000000e+00
