9.965896606445312500e-04
0.000000000000000000e+00
0.000000000000000000e+00
0.000000000000000000e+00
0.000000000000000000e+00
0.000000000000000000e+00
0.000000000000000000e+00
9.984970092773437500e-04
0.000000000000000000e+00
0.000000000000000000e+00
1.003980636596679688e-03
0.000000000000000000e+00
9.999275207519531250e-04
0.000000000000000000e+00
0.000000000000000000e+00
0.000000000000000000e+00
1.003742218017578125e-03
0.000000000000000000e+00
9.970664978027343750e-04
9.973049163818359375e-04
9.977817535400390625e-04
0.000000000000000000e+00
9.968280792236328125e-04
9.970664978027343750e-04
9.965896606445312500e-04
9.958744049072265625e-04
0.000000000000000000e+00
0.000000000000000000e+00
0.000000000000000000e+00
9.956359863281250000e-04
0.000000000000000000e+00
9.987354278564453125e-04
0.000000000000000000e+00
9.968280792236328125e-04
0.000000000000000000e+00
9.953975677490234375e-04
1.002073287963867188e-03
0.000000000000000000e+00
0.000000000000000000e+00
0.000000000000000000e+00
0.000000000000000000e+00
0.000000000000000000e+00
0.000000000000000000e+00
0.000000000000000000e+00
0.000000000000000000e+00
0.000000000000000000e+00
9.994506835937500000e-04
0.000000000000000000e+00
0.000000000000000000e+00
0.000000000000000000e+00
0.000000000000000000e+00
0.000000000000000000e+00
0.000000000000000000e+00
9.975433349609375000e-04
9.975433349609375000e-04
0.000000000000000000e+00
0.000000000000000000e+00
0.000000000000000000e+00
9.977817535400390625e-04
0.000000000000000000e+00
9.999275207519531250e-04
0.000000000000000000e+00
9.996891021728515625e-04
0.000000000000000000e+00
9.977817535400390625e-04
9.980201721191406250e-04
0.000000000000000000e+00
0.000000000000000000e+00
9.980201721191406250e-04
9.980201721191406250e-04
9.980201721191406250e-04
0.000000000000000000e+00
9.963512420654296875e-04
0.000000000000000000e+00
9.987354278564453125e-04
0.000000000000000000e+00
9.975433349609375000e-04
9.958744049072265625e-04
2.007007598876953125e-03
1.997470855712890625e-03
1.993894577026367188e-03
1.995325088500976562e-03
1.993656158447265625e-03
1.994848251342773438e-03
1.992464065551757812e-03
2.006053924560546875e-03
9.984970092773437500e-04
1.998662948608398438e-03
9.980201721191406250e-04
1.994609832763671875e-03
0.000000000000000000e+00
9.992122650146484375e-04
0.000000000000000000e+00
0.000000000000000000e+00
9.987354278564453125e-04
9.951591491699218750e-04
0.000000000000000000e+00
0.000000000000000000e+00
9.975433349609375000e-04
0.000000000000000000e+00
9.980201721191406250e-04
9.994506835937500000e-04
0.000000000000000000e+00
9.980201721191406250e-04
9.973049163818359375e-04
0.000000000000000000e+00
0.000000000000000000e+00
0.000000000000000000e+00
1.006126403808593750e-03
0.000000000000000000e+00
0.000000000000000000e+00
1.000881195068359375e-03
9.977817535400390625e-04
0.000000000000000000e+00
0.000000000000000000e+00
0.000000000000000000e+00
9.987354278564453125e-04
9.975433349609375000e-04
1.005411148071289062e-03
9.982585906982421875e-04
0.000000000000000000e+00
0.000000000000000000e+00
0.000000000000000000e+00
9.975433349609375000e-04
9.961128234863281250e-04
9.968280792236328125e-04
9.996891021728515625e-04
0.000000000000000000e+00
0.000000000000000000e+00
0.000000000000000000e+00
0.000000000000000000e+00
0.000000000000000000e+00
0.000000000000000000e+00
9.958744049072265625e-04
0.000000000000000000e+00
0.000000000000000000e+00
9.975433349609375000e-04
0.000000000000000000e+00
4.984617233276367188e-03
9.975433349609375000e-04
2.985715866088867188e-03
5.983829498291015625e-03
2.991676330566406250e-03
2.991676330566406250e-03
1.994848251342773438e-03
1.982450485229492188e-03
2.990961074829101562e-03
2.993822097778320312e-03
4.987716674804687500e-03
2.991914749145507812e-03
2.994060516357421875e-03
2.993106842041015625e-03
2.990007400512695312e-03
4.987478256225585938e-03
8.477354049682617188e-02
6.482505798339843750e-02
4.488134384155273438e-02
4.188966751098632812e-02
4.188871383666992188e-02
4.288482666015625000e-02
4.887366294860839844e-02
4.587578773498535156e-02
3.793978691101074219e-02
1.991510391235351562e-03
2.034425735473632812e-03
2.994060516357421875e-03
2.994060516357421875e-03
3.991127014160156250e-03
3.994703292846679688e-03
4.188680648803710938e-02
3.989267349243164062e-02
3.789615631103515625e-02
4.087877273559570312e-02
4.886841773986816406e-02
3.689885139465332031e-02
3.593373298645019531e-02
3.992915153503417969e-02
1.995801925659179688e-03
1.000642776489257812e-03
0.000000000000000000e+00
0.000000000000000000e+00
0.000000000000000000e+00
0.000000000000000000e+00
0.000000000000000000e+00
0.000000000000000000e+00
9.977817535400390625e-04
9.973049163818359375e-04
0.000000000000000000e+00
9.992122650146484375e-04
0.000000000000000000e+00
0.000000000000000000e+00
0.000000000000000000e+00
0.000000000000000000e+00
0.000000000000000000e+00
0.000000000000000000e+00
0.000000000000000000e+00
0.000000000000000000e+00
9.965896606445312500e-04
0.000000000000000000e+00
0.000000000000000000e+00
9.965896606445312500e-04
0.000000000000000000e+00
0.000000000000000000e+00
0.000000000000000000e+00
0.000000000000000000e+00
0.000000000000000000e+00
0.000000000000000000e+00
0.000000000000000000e+00
0.000000000000000000e+00
9.989738464355468750e-04
0.000000000000000000e+00
0.000000000000000000e+00
0.000000000000000000e+00
0.000000000000000000e+00
0.000000000000000000e+00
0.000000000000000000e+00
0.000000000000000000e+00
0.000000000000000000e+00
0.000000000000000000e+00
9.999275207519531250e-04
0.000000000000000000e+00
0.000000000000000000e+00
0.000000000000000000e+00
0.000000000000000000e+00
0.000000000000000000e+00
0.000000000000000000e+00
0.000000000000000000e+00
0.000000000000000000e+00
0.000000000000000000e+00
0.000000000000000000e+00
0.000000000000000000e+00
0.000000000000000000e+00
9.858608245849609375e-04
0.000000000000000000e+00
2.991914749145507812e-03
2.994298934936523438e-03
2.991199493408203125e-03
2.986669540405273438e-03
1.992940902709960938e-03
2.990484237670898438e-03
9.994506835937500000e-04
0.000000000000000000e+00
0.000000000000000000e+00
0.000000000000000000e+00
9.989738464355468750e-04
0.000000000000000000e+00
0.000000000000000000e+00
0.000000000000000000e+00
9.984970092773437500e-04
0.000000000000000000e+00
0.000000000000000000e+00
0.000000000000000000e+00
1.990795135498046875e-03
1.998424530029296875e-03
9.937286376953125000e-04
1.991271972656250000e-03
1.994132995605468750e-03
1.990079879760742188e-03
1.196765899658203125e-02
1.296210289001464844e-02
1.296353340148925781e-02
2.996444702148437500e-03
2.991199493408203125e-03
2.990245819091796875e-03
1.991748809814453125e-03
2.990722656250000000e-03
3.987550735473632812e-03
2.992153167724609375e-03
1.997470855712890625e-03
3.993034362792968750e-03
1.993417739868164062e-03
1.973152160644531250e-03
2.991676330566406250e-03
3.986835479736328125e-03
2.991199493408203125e-03
2.991437911987304688e-03
1.978635787963867188e-03
2.991437911987304688e-03
1.994132995605468750e-03
2.989530563354492188e-03
1.994371414184570312e-03
2.992630004882812500e-03
3.976821899414062500e-03
3.987073898315429688e-03
3.982782363891601562e-03
9.992122650146484375e-04
9.963512420654296875e-04
9.970664978027343750e-04
0.000000000000000000e+00
9.999275207519531250e-04
0.000000000000000000e+00
0.000000000000000000e+00
0.000000000000000000e+00
9.984970092773437500e-04
0.000000000000000000e+00
9.832382202148437500e-04
9.975433349609375000e-04
0.000000000000000000e+00
0.000000000000000000e+00
9.827613830566406250e-04
0.000000000000000000e+00
0.000000000000000000e+00
0.000000000000000000e+00
0.000000000000000000e+00
0.000000000000000000e+00
0.000000000000000000e+00
0.000000000000000000e+00
0.000000000000000000e+00
0.000000000000000000e+00
0.000000000000000000e+00
0.000000000000000000e+00
9.968280792236328125e-04
0.000000000000000000e+00
0.000000000000000000e+00
0.000000000000000000e+00
0.000000000000000000e+00
0.000000000000000000e+00
0.000000000000000000e+00
0.000000000000000000e+00
0.000000000000000000e+00
0.000000000000000000e+00
0.000000000000000000e+00
0.000000000000000000e+00
0.000000000000000000e+00
0.000000000000000000e+00
0.000000000000000000e+00
0.000000000000000000e+00
9.992122650146484375e-04
0.000000000000000000e+00
0.000000000000000000e+00
9.982585906982421875e-04
0.000000000000000000e+00
0.000000000000000000e+00
0.000000000000000000e+00
0.000000000000000000e+00
0.000000000000000000e+00
9.975433349609375000e-04
9.989738464355468750e-04
9.980201721191406250e-04
0.000000000000000000e+00
0.000000000000000000e+00
0.000000000000000000e+00
0.000000000000000000e+00
0.000000000000000000e+00
0.000000000000000000e+00
0.000000000000000000e+00
0.000000000000000000e+00
0.000000000000000000e+00
9.975433349609375000e-04
0.000000000000000000e+00
0.000000000000000000e+00
0.000000000000000000e+00
0.000000000000000000e+00
0.000000000000000000e+00
1.995563507080078125e-03
1.995086669921875000e-03
2.988576889038085938e-03
1.994609832763671875e-03
2.990961074829101562e-03
2.980470657348632812e-03
3.989219665527343750e-03
1.993179321289062500e-03
1.992940902709960938e-03
3.979921340942382812e-03
1.994371414184570312e-03
1.992940902709960938e-03
1.995563507080078125e-03
1.989364624023437500e-03
1.995086669921875000e-03
3.788709640502929688e-02
3.789925575256347656e-02
5.485725402832031250e-02
4.088926315307617188e-02
4.288649559020996094e-02
4.092645645141601562e-02
4.786062240600585938e-02
3.694510459899902344e-02
2.024412155151367188e-03
2.991199493408203125e-03
1.496052742004394531e-02
1.299285888671875000e-02
1.599526405334472656e-02
4.029035568237304688e-03
2.038478851318359375e-03
2.021312713623046875e-03
2.026081085205078125e-03
9.825229644775390625e-04
0.000000000000000000e+00
1.026391983032226562e-03
1.037597656250000000e-03
0.000000000000000000e+00
0.000000000000000000e+00
3.983020782470703125e-03
1.995325088500976562e-03
1.993417739868164062e-03
2.992391586303710938e-03
1.997709274291992188e-03
1.995563507080078125e-03
3.997087478637695312e-03
1.993894577026367188e-03
2.990722656250000000e-03
2.994298934936523438e-03
0.000000000000000000e+00
2.008438110351562500e-03
0.000000000000000000e+00
3.988504409790039062e-03
2.008676528930664062e-03
1.977920532226562500e-03
3.985881805419921875e-03
1.981735229492187500e-03
2.991676330566406250e-03
1.991510391235351562e-03
1.993894577026367188e-03
2.991199493408203125e-03
2.981185913085937500e-03
1.993656158447265625e-03
1.990318298339843750e-03
2.991676330566406250e-03
9.970664978027343750e-04
9.975433349609375000e-04
0.000000000000000000e+00
1.997470855712890625e-03
1.001596450805664062e-03
9.970664978027343750e-04
9.980201721191406250e-04
9.977817535400390625e-04
2.004384994506835938e-03
1.997947692871093750e-03
9.973049163818359375e-04
9.927749633789062500e-04
1.989603042602539062e-03
1.994132995605468750e-03
0.000000000000000000e+00
0.000000000000000000e+00
0.000000000000000000e+00
1.010417938232421875e-03
9.968280792236328125e-04
9.965896606445312500e-04
0.000000000000000000e+00
0.000000000000000000e+00
0.000000000000000000e+00
0.000000000000000000e+00
0.000000000000000000e+00
0.000000000000000000e+00
0.000000000000000000e+00
0.000000000000000000e+00
0.000000000000000000e+00
0.000000000000000000e+00
0.000000000000000000e+00
9.832382202148437500e-04
0.000000000000000000e+00
9.880065917968750000e-04
9.982585906982421875e-04
2.987861633300781250e-03
9.977817535400390625e-04
9.982585906982421875e-04
1.003265380859375000e-03
9.984970092773437500e-04
9.963512420654296875e-04
9.980201721191406250e-04
9.984970092773437500e-04
9.977817535400390625e-04
1.995801925659179688e-03
1.996994018554687500e-03
1.996040344238281250e-03
9.977817535400390625e-04
9.882450103759765625e-04
1.003742218017578125e-03
1.001596450805664062e-03
0.000000000000000000e+00
9.970664978027343750e-04
0.000000000000000000e+00
0.000000000000000000e+00
0.000000000000000000e+00
0.000000000000000000e+00
0.000000000000000000e+00
1.000881195068359375e-03
0.000000000000000000e+00
0.000000000000000000e+00
9.984970092773437500e-04
0.000000000000000000e+00
0.000000000000000000e+00
0.000000000000000000e+00
0.000000000000000000e+00
0.000000000000000000e+00
0.000000000000000000e+00
9.911060333251953125e-04
0.000000000000000000e+00
9.977817535400390625e-04
0.000000000000000000e+00
9.968280792236328125e-04
0.000000000000000000e+00
9.992122650146484375e-04
9.961128234863281250e-04
9.975433349609375000e-04
0.000000000000000000e+00
0.000000000000000000e+00
9.968280792236328125e-04
9.930133819580078125e-04
9.973049163818359375e-04
9.984970092773437500e-04
9.973049163818359375e-04
9.980201721191406250e-04
9.977817535400390625e-04
9.980201721191406250e-04
9.973049163818359375e-04
9.994506835937500000e-04
9.815692901611328125e-04
9.977817535400390625e-04
1.296401023864746094e-02
1.595687866210937500e-02
1.495862007141113281e-02
1.196718215942382812e-02
1.196074485778808594e-02
1.396250724792480469e-02
1.296663284301757812e-02
1.496410369873046875e-02
3.989219665527343750e-03
3.970146179199218750e-03
3.991603851318359375e-03
2.990007400512695312e-03
2.991199493408203125e-03
2.988576889038085938e-03
1.296472549438476562e-02
1.097083091735839844e-02
1.595783233642578125e-02
9.973049163818359375e-04
1.000165939331054688e-03
9.984970092773437500e-04
9.973049163818359375e-04
0.000000000000000000e+00
9.973049163818359375e-04
0.000000000000000000e+00
0.000000000000000000e+00
9.999275207519531250e-04
0.000000000000000000e+00
9.977817535400390625e-04
0.000000000000000000e+00
0.000000000000000000e+00
0.000000000000000000e+00
0.000000000000000000e+00
9.994506835937500000e-04
0.000000000000000000e+00
1.000404357910156250e-03
9.973049163818359375e-04
0.000000000000000000e+00
9.975433349609375000e-04
9.992122650146484375e-04
0.000000000000000000e+00
0.000000000000000000e+00
0.000000000000000000e+00
0.000000000000000000e+00
0.000000000000000000e+00
0.000000000000000000e+00
0.000000000000000000e+00
9.996891021728515625e-04
9.987354278564453125e-04
0.000000000000000000e+00
1.002311706542968750e-03
0.000000000000000000e+00
0.000000000000000000e+00
0.000000000000000000e+00
1.000165939331054688e-03
0.000000000000000000e+00
9.984970092773437500e-04
0.000000000000000000e+00
0.000000000000000000e+00
0.000000000000000000e+00
0.000000000000000000e+00
0.000000000000000000e+00
0.000000000000000000e+00
0.000000000000000000e+00
9.984970092773437500e-04
0.000000000000000000e+00
0.000000000000000000e+00
0.000000000000000000e+00
9.975433349609375000e-04
0.000000000000000000e+00
9.975433349609375000e-04
0.000000000000000000e+00
0.000000000000000000e+00
9.989738464355468750e-04
1.006364822387695312e-03
0.000000000000000000e+00
9.965896606445312500e-04
3.991842269897460938e-03
3.989219665527343750e-03
2.998352050781250000e-03
3.993511199951171875e-03
3.993272781372070312e-03
2.992391586303710938e-03
3.983497619628906250e-03
2.991914749145507812e-03
0.000000000000000000e+00
9.977817535400390625e-04
0.000000000000000000e+00
0.000000000000000000e+00
9.799003601074218750e-04
0.000000000000000000e+00
0.000000000000000000e+00
0.000000000000000000e+00
0.000000000000000000e+00
9.956359863281250000e-04
0.000000000000000000e+00
0.000000000000000000e+00
0.000000000000000000e+00
0.000000000000000000e+00
0.000000000000000000e+00
0.000000000000000000e+00
0.000000000000000000e+00
0.000000000000000000e+00
0.000000000000000000e+00
0.000000000000000000e+00
0.000000000000000000e+00
0.000000000000000000e+00
9.999275207519531250e-04
0.000000000000000000e+00
0.000000000000000000e+00
9.963512420654296875e-04
2.990007400512695312e-03
2.985715866088867188e-03
2.990007400512695312e-03
3.988504409790039062e-03
1.993417739868164062e-03
1.989841461181640625e-03
0.000000000000000000e+00
9.975433349609375000e-04
0.000000000000000000e+00
0.000000000000000000e+00
0.000000000000000000e+00
9.973049163818359375e-04
0.000000000000000000e+00
9.975433349609375000e-04
9.970664978027343750e-04
9.970664978027343750e-04
0.000000000000000000e+00
0.000000000000000000e+00
9.961128234863281250e-04
0.000000000000000000e+00
0.000000000000000000e+00
9.994506835937500000e-04
0.000000000000000000e+00
2.992630004882812500e-03
1.002788543701171875e-03
0.000000000000000000e+00
9.977817535400390625e-04
9.968280792236328125e-04
9.987354278564453125e-04
9.980201721191406250e-04
9.982585906982421875e-04
9.982585906982421875e-04
0.000000000000000000e+00
0.000000000000000000e+00
0.000000000000000000e+00
0.000000000000000000e+00
0.000000000000000000e+00
0.000000000000000000e+00
0.000000000000000000e+00
9.973049163818359375e-04
0.000000000000000000e+00
0.000000000000000000e+00
0.000000000000000000e+00
0.000000000000000000e+00
0.000000000000000000e+00
0.000000000000000000e+00
0.000000000000000000e+00
0.000000000000000000e+00
9.949207305908203125e-04
0.000000000000000000e+00
0.000000000000000000e+00
0.000000000000000000e+00
9.899139404296875000e-04
0.000000000000000000e+00
0.000000000000000000e+00
0.000000000000000000e+00
0.000000000000000000e+00
0.000000000000000000e+00
0.000000000000000000e+00
0.000000000000000000e+00
0.000000000000000000e+00
9.977817535400390625e-04
9.841918945312500000e-04
0.000000000000000000e+00
0.000000000000000000e+00
2.993822097778320312e-03
2.995252609252929688e-03
1.995086669921875000e-03
3.992080688476562500e-03
3.989696502685546875e-03
3.987789154052734375e-03
2.988815307617187500e-03
1.991271972656250000e-03
1.695656776428222656e-02
1.694893836975097656e-02
2.094626426696777344e-02
2.094388008117675781e-02
1.595973968505859375e-02
1.027264595031738281e-01
1.087100505828857422e-01
9.674167633056640625e-02
1.246683597564697266e-01
1.007680892944335938e-01
1.067154407501220703e-01
1.007711887359619141e-01
1.087501049041748047e-01
1.057190895080566406e-01
1.087021827697753906e-01
1.096963882446289062e-02
1.296520233154296875e-02
1.199221611022949219e-02
1.296496391296386719e-02
1.196670532226562500e-02
1.994132995605468750e-03
1.993179321289062500e-03
1.994609832763671875e-03
1.994848251342773438e-03
2.993583679199218750e-03
1.396179199218750000e-02
1.395344734191894531e-02
1.395916938781738281e-02
1.994633674621582031e-02
1.993417739868164062e-03
9.977817535400390625e-04
1.981973648071289062e-03
9.920597076416015625e-04
1.002550125122070312e-03
0.000000000000000000e+00
9.984970092773437500e-04
9.973049163818359375e-04
0.000000000000000000e+00
0.000000000000000000e+00
0.000000000000000000e+00
9.977817535400390625e-04
0.000000000000000000e+00
0.000000000000000000e+00
0.000000000000000000e+00
9.977817535400390625e-04
0.000000000000000000e+00
9.984970092773437500e-04
0.000000000000000000e+00
1.000881195068359375e-03
9.982585906982421875e-04
0.000000000000000000e+00
0.000000000000000000e+00
1.024961471557617188e-03
0.000000000000000000e+00
0.000000000000000000e+00
9.982585906982421875e-04
9.982585906982421875e-04
0.000000000000000000e+00
9.980201721191406250e-04
0.000000000000000000e+00
0.000000000000000000e+00
0.000000000000000000e+00
9.796619415283203125e-04
0.000000000000000000e+00
1.982450485229492188e-03
0.000000000000000000e+00
3.991127014160156250e-03
2.991676330566406250e-03
2.990722656250000000e-03
2.973794937133789062e-03
1.994371414184570312e-03
1.994609832763671875e-03
1.990079879760742188e-03
2.975463867187500000e-03
1.993894577026367188e-03
1.981258392333984375e-03
0.000000000000000000e+00
9.987354278564453125e-04
0.000000000000000000e+00
0.000000000000000000e+00
9.980201721191406250e-04
9.984970092773437500e-04
9.982585906982421875e-04
1.001358032226562500e-03
0.000000000000000000e+00
9.951591491699218750e-04
9.949207305908203125e-04
9.975433349609375000e-04
1.995086669921875000e-03
2.992630004882812500e-03
3.981113433837890625e-03
2.992153167724609375e-03
2.990007400512695312e-03
3.988504409790039062e-03
2.990961074829101562e-03
2.990484237670898438e-03
1.992702484130859375e-03
0.000000000000000000e+00
9.987354278564453125e-04
0.000000000000000000e+00
9.832382202148437500e-04
0.000000000000000000e+00
0.000000000000000000e+00
0.000000000000000000e+00
0.000000000000000000e+00
0.000000000000000000e+00
0.000000000000000000e+00
0.000000000000000000e+00
0.000000000000000000e+00
0.000000000000000000e+00
0.000000000000000000e+00
9.973049163818359375e-04
0.000000000000000000e+00
0.000000000000000000e+00
0.000000000000000000e+00
0.000000000000000000e+00
0.000000000000000000e+00
0.000000000000000000e+00
1.995086669921875000e-03
2.994537353515625000e-03
2.982854843139648438e-03
2.990484237670898438e-03
1.994609832763671875e-03
2.994298934936523438e-03
1.995325088500976562e-03
1.994132995605468750e-03
3.989219665527343750e-03
1.994609832763671875e-03
0.000000000000000000e+00
0.000000000000000000e+00
9.973049163818359375e-04
9.984970092773437500e-04
9.987354278564453125e-04
9.961128234863281250e-04
0.000000000000000000e+00
9.989738464355468750e-04
9.992122650146484375e-04
9.982585906982421875e-04
9.970664978027343750e-04
9.922981262207031250e-04
1.000881195068359375e-03
9.975433349609375000e-04
0.000000000000000000e+00
0.000000000000000000e+00
0.000000000000000000e+00
9.944438934326171875e-04
9.970664978027343750e-04
0.000000000000000000e+00
0.000000000000000000e+00
0.000000000000000000e+00
0.000000000000000000e+00
0.000000000000000000e+00
0.000000000000000000e+00
9.953975677490234375e-04
1.000642776489257812e-03
0.000000000000000000e+00
9.984970092773437500e-04
9.980201721191406250e-04
0.000000000000000000e+00
0.000000000000000000e+00
0.000000000000000000e+00
0.000000000000000000e+00
9.989738464355468750e-04
0.000000000000000000e+00
0.000000000000000000e+00
0.000000000000000000e+00
0.000000000000000000e+00
0.000000000000000000e+00
9.980201721191406250e-04
9.977817535400390625e-04
9.832382202148437500e-04
1.998662948608398438e-03
9.880065917968750000e-04
9.977817535400390625e-04
9.970664978027343750e-04
1.496076583862304688e-02
1.595306396484375000e-02
1.396131515502929688e-02
1.395964622497558594e-02
1.396250724792480469e-02
1.296401023864746094e-02
1.296663284301757812e-02
3.370981216430664062e-01
4.092574119567871094e-02
3.893899917602539062e-02
3.889703750610351562e-02
3.893756866455078125e-02
4.290652275085449219e-02
3.989219665527343750e-02
4.688215255737304688e-02
4.188704490661621094e-02
3.792595863342285156e-02
3.688597679138183594e-02
3.989720344543457031e-02
3.889489173889160156e-02
4.089069366455078125e-02
2.032518386840820312e-03
2.993345260620117188e-03
3.688693046569824219e-02
5.385041236877441406e-02
3.993082046508789062e-02
3.794407844543457031e-02
3.789854049682617188e-02
3.590273857116699219e-02
3.989768028259277344e-02
4.093313217163085938e-02
4.188799858093261719e-02
4.089140892028808594e-02
3.989410400390625000e-02
4.189109802246093750e-02
3.893780708312988281e-02
4.685759544372558594e-02
4.192423820495605469e-02
3.993463516235351562e-02
1.996994018554687500e-03
9.858608245849609375e-04
9.970664978027343750e-04
9.975433349609375000e-04
0.000000000000000000e+00
1.037120819091796875e-03
9.982585906982421875e-04
1.037120819091796875e-03
1.995086669921875000e-03
9.999275207519531250e-04
9.977817535400390625e-04
1.001358032226562500e-03
9.965896606445312500e-04
9.980201721191406250e-04
9.808540344238281250e-04
1.002311706542968750e-03
9.982585906982421875e-04
2.003192901611328125e-03
9.901523590087890625e-04
9.980201721191406250e-04
9.980201721191406250e-04
9.977817535400390625e-04
9.982585906982421875e-04
9.970664978027343750e-04
9.949207305908203125e-04
9.946823120117187500e-04
0.000000000000000000e+00
9.996891021728515625e-04
0.000000000000000000e+00
9.958744049072265625e-04
0.000000000000000000e+00
9.987354278564453125e-04
0.000000000000000000e+00
0.000000000000000000e+00
9.987354278564453125e-04
9.975433349609375000e-04
9.999275207519531250e-04
0.000000000000000000e+00
0.000000000000000000e+00
0.000000000000000000e+00
0.000000000000000000e+00
0.000000000000000000e+00
0.000000000000000000e+00
9.834766387939453125e-04
0.000000000000000000e+00
0.000000000000000000e+00
0.000000000000000000e+00
1.000165939331054688e-03
0.000000000000000000e+00
0.000000000000000000e+00
0.000000000000000000e+00
0.000000000000000000e+00
0.000000000000000000e+00
0.000000000000000000e+00
0.000000000000000000e+00
0.000000000000000000e+00
0.000000000000000000e+00
9.970664978027343750e-04
0.000000000000000000e+00
0.000000000000000000e+00
0.000000000000000000e+00
9.980201721191406250e-04
0.000000000000000000e+00
9.970664978027343750e-04
0.000000000000000000e+00
0.000000000000000000e+00
0.000000000000000000e+00
0.000000000000000000e+00
0.000000000000000000e+00
0.000000000000000000e+00
9.939670562744140625e-04
0.000000000000000000e+00
9.975433349609375000e-04
0.000000000000000000e+00
0.000000000000000000e+00
0.000000000000000000e+00
0.000000000000000000e+00
0.000000000000000000e+00
9.860992431640625000e-04
0.000000000000000000e+00
0.000000000000000000e+00
0.000000000000000000e+00
0.000000000000000000e+00
0.000000000000000000e+00
0.000000000000000000e+00
0.000000000000000000e+00
1.000642776489257812e-03
9.913444519042968750e-04
0.000000000000000000e+00
9.989738464355468750e-04
0.000000000000000000e+00
9.956359863281250000e-04
9.915828704833984375e-04
0.000000000000000000e+00
9.975433349609375000e-04
9.968280792236328125e-04
0.000000000000000000e+00
0.000000000000000000e+00
1.995086669921875000e-03
9.970664978027343750e-04
9.989738464355468750e-04
1.980543136596679688e-03
9.970664978027343750e-04
9.956359863281250000e-04
9.961128234863281250e-04
2.991199493408203125e-03
9.875297546386718750e-04
9.963512420654296875e-04
9.977817535400390625e-04
0.000000000000000000e+00
1.296591758728027344e-02
1.396059989929199219e-02
1.595497131347656250e-02
1.595664024353027344e-02
1.991987228393554688e-03
2.991199493408203125e-03
1.978874206542968750e-03
1.995086669921875000e-03
1.994609832763671875e-03
2.992868423461914062e-03
3.989219665527343750e-03
2.990722656250000000e-03
1.991510391235351562e-03
2.995729446411132812e-03
1.993656158447265625e-03
2.990484237670898438e-03
2.991199493408203125e-03
3.988742828369140625e-03
9.975433349609375000e-04
9.865760803222656250e-04
1.000642776489257812e-03
0.000000000000000000e+00
0.000000000000000000e+00
0.000000000000000000e+00
9.994506835937500000e-04
9.970664978027343750e-04
0.000000000000000000e+00
9.906291961669921875e-04
0.000000000000000000e+00
9.975433349609375000e-04
0.000000000000000000e+00
0.000000000000000000e+00
1.000642776489257812e-03
9.987354278564453125e-04
0.000000000000000000e+00
0.000000000000000000e+00
0.000000000000000000e+00
2.992153167724609375e-03
4.987478256225585938e-03
9.977817535400390625e-04
9.973049163818359375e-04
9.891986846923828125e-04
0.000000000000000000e+00
0.000000000000000000e+00
0.000000000000000000e+00
0.000000000000000000e+00
0.000000000000000000e+00
0.000000000000000000e+00
0.000000000000000000e+00
0.000000000000000000e+00
9.927749633789062500e-04
9.968280792236328125e-04
9.977817535400390625e-04
0.000000000000000000e+00
0.000000000000000000e+00
0.000000000000000000e+00
0.000000000000000000e+00
9.987354278564453125e-04
9.944438934326171875e-04
0.000000000000000000e+00
9.870529174804687500e-04
0.000000000000000000e+00
0.000000000000000000e+00
0.000000000000000000e+00
0.000000000000000000e+00
9.925365447998046875e-04
0.000000000000000000e+00
0.000000000000000000e+00
0.000000000000000000e+00
0.000000000000000000e+00
0.000000000000000000e+00
9.977817535400390625e-04
0.000000000000000000e+00
0.000000000000000000e+00
9.989738464355468750e-04
0.000000000000000000e+00
0.000000000000000000e+00
9.984970092773437500e-04
0.000000000000000000e+00
9.968280792236328125e-04
9.989738464355468750e-04
0.000000000000000000e+00
0.000000000000000000e+00
0.000000000000000000e+00
0.000000000000000000e+00
0.000000000000000000e+00
0.000000000000000000e+00
9.868144989013671875e-04
1.994609832763671875e-03
1.994848251342773438e-03
1.994609832763671875e-03
1.995086669921875000e-03
1.992464065551757812e-03
2.992868423461914062e-03
9.977817535400390625e-04
1.994132995605468750e-03
1.994371414184570312e-03
1.992702484130859375e-03
9.899139404296875000e-04
1.994848251342773438e-03
9.965896606445312500e-04
9.970664978027343750e-04
9.975433349609375000e-04
9.977817535400390625e-04
9.968280792236328125e-04
0.000000000000000000e+00
9.984970092773437500e-04
9.977817535400390625e-04
0.000000000000000000e+00
0.000000000000000000e+00
9.973049163818359375e-04
9.989738464355468750e-04
0.000000000000000000e+00
0.000000000000000000e+00
0.000000000000000000e+00
9.982585906982421875e-04
9.980201721191406250e-04
0.000000000000000000e+00
9.989738464355468750e-04
9.965896606445312500e-04
0.000000000000000000e+00
0.000000000000000000e+00
0.000000000000000000e+00
0.000000000000000000e+00
0.000000000000000000e+00
0.000000000000000000e+00
0.000000000000000000e+00
0.000000000000000000e+00
9.973049163818359375e-04
0.000000000000000000e+00
0.000000000000000000e+00
9.882450103759765625e-04
1.002788543701171875e-03
9.973049163818359375e-04
0.000000000000000000e+00
0.000000000000000000e+00
0.000000000000000000e+00
1.001834869384765625e-03
9.987354278564453125e-04
1.995801925659179688e-03
2.992153167724609375e-03
1.995325088500976562e-03
1.993656158447265625e-03
3.889155387878417969e-02
4.986953735351562500e-02
3.888821601867675781e-02
3.789758682250976562e-02
3.690218925476074219e-02
4.288649559020996094e-02
4.287075996398925781e-02
3.893518447875976562e-02
1.137001276016235352e+00
1.148962974548339844e+00
1.346201968193054199e+01
1.302022218704223633e+01
1.283269119262695312e+01
1.266419410705566406e+01
1.220737195014953613e+01
1.260630345344543457e+01
1.250560641288757324e+01
1.241182565689086914e+01
1.166879415512084961e+00
1.145974397659301758e+00
1.117013692855834961e+00
1.101064920425415039e+00
1.136996030807495117e+00
1.130975008010864258e+00
1.108033180236816406e+00
1.119043350219726562e+00
1.223731613159179688e+01
1.324160838127136230e+01
1.284271550178527832e+01
1.305909514427185059e+01
1.272901344299316406e+01
1.267212843894958496e+01
1.366048932075500488e+01
3.221485614776611328e-01
3.370976448059082031e-01
3.351061344146728516e-01
3.271234035491943359e-01
1.233307695388793945e+01
1.250560688972473145e+01
1.258336353302001953e+01
3.350880146026611328e-01
3.500523567199707031e-01
3.480725288391113281e-01
3.789544105529785156e-02
3.593802452087402344e-02
3.594112396240234375e-02
3.789663314819335938e-02
3.893566131591796875e-02
2.990245819091796875e-03
2.032518386840820312e-03
2.000808715820312500e-03
3.041982650756835938e-03
1.975059509277343750e-03
2.991437911987304688e-03
1.993417739868164062e-03
2.032279968261718750e-03
4.686951637268066406e-02
3.789877891540527344e-02
0.000000000000000000e+00
0.000000000000000000e+00
0.000000000000000000e+00
0.000000000000000000e+00
0.000000000000000000e+00
3.027200698852539062e-03
2.017021179199218750e-03
1.994132995605468750e-03
2.983570098876953125e-03
1.994371414184570312e-03
2.991437911987304688e-03
2.991676330566406250e-03
2.991914749145507812e-03
4.387760162353515625e-02
4.188704490661621094e-02
4.587769508361816406e-02
3.590440750122070312e-02
4.089093208312988281e-02
4.388403892517089844e-02
1.991748809814453125e-03
2.034425735473632812e-03
1.296591758728027344e-02
1.196765899658203125e-02
1.200532913208007812e-02
1.196742057800292969e-02
3.301155567169189453e-01
3.500475883483886719e-01
3.720042705535888672e-01
3.281199932098388672e-01
3.630287647247314453e-01
3.471078872680664062e-01
1.329749679565429688e+01
1.270308446884155273e+01
1.268908572196960449e+01
1.220940518379211426e+01
1.284969472885131836e+01
1.261029553413391113e+01
1.233107638359069824e+01
3.590273857116699219e-02
3.789830207824707031e-02
4.288578033447265625e-02
3.793525695800781250e-02
3.341045379638671875e-01
3.321011066436767578e-01
3.550877571105957031e-01
3.371257781982421875e-01
3.450744152069091797e-01
3.351380825042724609e-01
3.371369838714599609e-01
3.391289710998535156e-01
3.391263484954833984e-01
3.480658531188964844e-01
3.640234470367431641e-01
3.490662574768066406e-01
4.287028312683105469e-02
3.689956665039062500e-02
4.088163375854492188e-02
4.691314697265625000e-02
4.292082786560058594e-02
4.092574119567871094e-02
4.092788696289062500e-02
4.291939735412597656e-02
3.989100456237792969e-02
3.689956665039062500e-02
4.488182067871093750e-02
1.994371414184570312e-03
3.977298736572265625e-03
2.988815307617187500e-03
2.031564712524414062e-03
9.903907775878906250e-04
0.000000000000000000e+00
0.000000000000000000e+00
9.973049163818359375e-04
9.987354278564453125e-04
0.000000000000000000e+00
0.000000000000000000e+00
0.000000000000000000e+00
0.000000000000000000e+00
0.000000000000000000e+00
9.987354278564453125e-04
0.000000000000000000e+00
0.000000000000000000e+00
9.996891021728515625e-04
1.001596450805664062e-03
0.000000000000000000e+00
1.002073287963867188e-03
0.000000000000000000e+00
2.990961074829101562e-03
4.987955093383789062e-03
2.990722656250000000e-03
4.986763000488281250e-03
1.987934112548828125e-03
1.994848251342773438e-03
2.989768981933593750e-03
1.995563507080078125e-03
2.991676330566406250e-03
2.990007400512695312e-03
1.994848251342773438e-03
1.994371414184570312e-03
2.991914749145507812e-03
4.786801338195800781e-02
4.089021682739257812e-02
3.690171241760253906e-02
3.690099716186523438e-02
4.088830947875976562e-02
4.587531089782714844e-02
3.689694404602050781e-02
4.192662239074707031e-02
4.492068290710449219e-02
2.034425735473632812e-03
1.989603042602539062e-03
4.006624221801757812e-03
1.993417739868164062e-03
2.995491027832031250e-03
2.023458480834960938e-03
2.020359039306640625e-03
2.029180526733398438e-03
1.992464065551757812e-03
2.030849456787109375e-03
1.994132995605468750e-03
1.993894577026367188e-03
0.000000000000000000e+00
0.000000000000000000e+00
9.965896606445312500e-04
9.953975677490234375e-04
0.000000000000000000e+00
9.977817535400390625e-04
0.000000000000000000e+00
0.000000000000000000e+00
0.000000000000000000e+00
9.975433349609375000e-04
0.000000000000000000e+00
0.000000000000000000e+00
9.980201721191406250e-04
0.000000000000000000e+00
9.984970092773437500e-04
0.000000000000000000e+00
0.000000000000000000e+00
9.987354278564453125e-04
0.000000000000000000e+00
0.000000000000000000e+00
9.937286376953125000e-04
9.977817535400390625e-04
0.000000000000000000e+00
0.000000000000000000e+00
0.000000000000000000e+00
0.000000000000000000e+00
9.963512420654296875e-04
0.000000000000000000e+00
0.000000000000000000e+00
0.000000000000000000e+00
0.000000000000000000e+00
0.000000000000000000e+00
0.000000000000000000e+00
0.000000000000000000e+00
0.000000000000000000e+00
9.927749633789062500e-04
0.000000000000000000e+00
9.989738464355468750e-04
9.992122650146484375e-04
0.000000000000000000e+00
0.000000000000000000e+00
9.968280792236328125e-04
0.000000000000000000e+00
9.939670562744140625e-04
0.000000000000000000e+00
0.000000000000000000e+00
0.000000000000000000e+00
9.965896606445312500e-04
0.000000000000000000e+00
0.000000000000000000e+00
9.963512420654296875e-04
9.963512420654296875e-04
0.000000000000000000e+00
0.000000000000000000e+00
0.000000000000000000e+00
0.000000000000000000e+00
0.000000000000000000e+00
0.000000000000000000e+00
9.984970092773437500e-04
0.000000000000000000e+00
9.975433349609375000e-04
0.000000000000000000e+00
0.000000000000000000e+00
0.000000000000000000e+00
0.000000000000000000e+00
0.000000000000000000e+00
9.968280792236328125e-04
0.000000000000000000e+00
9.996891021728515625e-04
0.000000000000000000e+00
0.000000000000000000e+00
0.000000000000000000e+00
0.000000000000000000e+00
0.000000000000000000e+00
0.000000000000000000e+00
9.973049163818359375e-04
9.975433349609375000e-04
0.000000000000000000e+00
0.000000000000000000e+00
9.968280792236328125e-04
0.000000000000000000e+00
0.000000000000000000e+00
0.000000000000000000e+00
1.000642776489257812e-03
0.000000000000000000e+00
0.000000000000000000e+00
0.000000000000000000e+00
9.844303131103515625e-04
1.003742218017578125e-03
9.975433349609375000e-04
9.961128234863281250e-04
0.000000000000000000e+00
4.010677337646484375e-03
2.996206283569335938e-03
2.988576889038085938e-03
2.994060516357421875e-03
1.994609832763671875e-03
1.995086669921875000e-03
2.990245819091796875e-03
1.994609832763671875e-03
1.993656158447265625e-03
2.982378005981445312e-03
2.992630004882812500e-03
1.992940902709960938e-03
2.992391586303710938e-03
3.989362716674804688e-02
2.989292144775390625e-03
1.993417739868164062e-03
1.994371414184570312e-03
1.995325088500976562e-03
2.995491027832031250e-03
2.995014190673828125e-03
1.993894577026367188e-03
1.994609832763671875e-03
3.989696502685546875e-03
1.993656158447265625e-03
1.993894577026367188e-03
1.990795135498046875e-03
1.991510391235351562e-03
1.993417739868164062e-03
4.188942909240722656e-02
4.088568687438964844e-02
4.687643051147460938e-02
4.591703414916992188e-02
0.000000000000000000e+00
0.000000000000000000e+00
1.000881195068359375e-03
2.993106842041015625e-03
3.996133804321289062e-03
1.992464065551757812e-03
1.993179321289062500e-03
4.022598266601562500e-03
1.996278762817382812e-03
4.189205169677734375e-02
5.884075164794921875e-02
3.989267349243164062e-02
4.388260841369628906e-02
3.989362716674804688e-02
4.488277435302734375e-02
4.686427116394042969e-02
3.889560699462890625e-02
3.590226173400878906e-02
3.989386558532714844e-02
4.887390136718750000e-02
4.088592529296875000e-02
1.993417739868164062e-03
2.992391586303710938e-03
2.033710479736328125e-03
2.033233642578125000e-03
2.991914749145507812e-03
3.032445907592773438e-03
0.000000000000000000e+00
9.973049163818359375e-04
0.000000000000000000e+00
9.977817535400390625e-04
9.963512420654296875e-04
9.980201721191406250e-04
1.007080078125000000e-03
0.000000000000000000e+00
9.908676147460937500e-04
1.995801925659179688e-03
1.005887985229492188e-03
9.975433349609375000e-04
9.925365447998046875e-04
9.849071502685546875e-04
2.963304519653320312e-03
9.970664978027343750e-04
9.989738464355468750e-04
1.007080078125000000e-03
0.000000000000000000e+00
0.000000000000000000e+00
0.000000000000000000e+00
0.000000000000000000e+00
9.977817535400390625e-04
0.000000000000000000e+00
0.000000000000000000e+00
0.000000000000000000e+00
9.973049163818359375e-04
0.000000000000000000e+00
0.000000000000000000e+00
0.000000000000000000e+00
0.000000000000000000e+00
0.000000000000000000e+00
9.984970092773437500e-04
9.965896606445312500e-04
0.000000000000000000e+00
0.000000000000000000e+00
9.992122650146484375e-04
0.000000000000000000e+00
0.000000000000000000e+00
9.982585906982421875e-04
0.000000000000000000e+00
0.000000000000000000e+00
0.000000000000000000e+00
9.961128234863281250e-04
0.000000000000000000e+00
9.989738464355468750e-04
9.975433349609375000e-04
0.000000000000000000e+00
0.000000000000000000e+00
0.000000000000000000e+00
0.000000000000000000e+00
9.992122650146484375e-04
0.000000000000000000e+00
0.000000000000000000e+00
1.014471054077148438e-03
0.000000000000000000e+00
0.000000000000000000e+00
0.000000000000000000e+00
9.987354278564453125e-04
0.000000000000000000e+00
0.000000000000000000e+00
0.000000000000000000e+00
9.958744049072265625e-04
9.980201721191406250e-04
0.000000000000000000e+00
0.000000000000000000e+00
0.000000000000000000e+00
0.000000000000000000e+00
0.000000000000000000e+00
0.000000000000000000e+00
0.000000000000000000e+00
0.000000000000000000e+00
0.000000000000000000e+00
0.000000000000000000e+00
0.000000000000000000e+00
0.000000000000000000e+00
0.000000000000000000e+00
0.000000000000000000e+00
0.000000000000000000e+00
0.000000000000000000e+00
0.000000000000000000e+00
0.000000000000000000e+00
9.982585906982421875e-04
0.000000000000000000e+00
0.000000000000000000e+00
9.989738464355468750e-04
0.000000000000000000e+00
9.975433349609375000e-04
0.000000000000000000e+00
0.000000000000000000e+00
0.000000000000000000e+00
9.965896606445312500e-04
9.963512420654296875e-04
0.000000000000000000e+00
9.968280792236328125e-04
0.000000000000000000e+00
0.000000000000000000e+00
0.000000000000000000e+00
0.000000000000000000e+00
0.000000000000000000e+00
0.000000000000000000e+00
0.000000000000000000e+00
0.000000000000000000e+00
0.000000000000000000e+00
0.000000000000000000e+00
1.000642776489257812e-03
0.000000000000000000e+00
9.992122650146484375e-04
9.927749633789062500e-04
9.994506835937500000e-04
0.000000000000000000e+00
9.884834289550781250e-04
9.968280792236328125e-04
9.980201721191406250e-04
9.896755218505859375e-04
9.829998016357421875e-04
0.000000000000000000e+00
1.014709472656250000e-03
9.949207305908203125e-04
9.949207305908203125e-04
0.000000000000000000e+00
0.000000000000000000e+00
9.980201721191406250e-04
9.889602661132812500e-04
9.975433349609375000e-04
9.977817535400390625e-04
0.000000000000000000e+00
0.000000000000000000e+00
0.000000000000000000e+00
0.000000000000000000e+00
9.989738464355468750e-04
9.841918945312500000e-04
0.000000000000000000e+00
0.000000000000000000e+00
0.000000000000000000e+00
0.000000000000000000e+00
0.000000000000000000e+00
9.992122650146484375e-04
0.000000000000000000e+00
0.000000000000000000e+00
0.000000000000000000e+00
0.000000000000000000e+00
0.000000000000000000e+00
0.000000000000000000e+00
0.000000000000000000e+00
0.000000000000000000e+00
0.000000000000000000e+00
1.006126403808593750e-03
0.000000000000000000e+00
0.000000000000000000e+00
9.884834289550781250e-04
9.968280792236328125e-04
0.000000000000000000e+00
0.000000000000000000e+00
2.983331680297851562e-03
2.991914749145507812e-03
1.995086669921875000e-03
1.994132995605468750e-03
2.990484237670898438e-03
3.995418548583984375e-03
2.992630004882812500e-03
2.990961074829101562e-03
3.987073898315429688e-03
1.991748809814453125e-03
2.979755401611328125e-03
2.974987030029296875e-03
2.992391586303710938e-03
3.988265991210937500e-03
3.990650177001953125e-03
1.991987228393554688e-03
2.991676330566406250e-03
1.993417739868164062e-03
2.977132797241210938e-03
1.994371414184570312e-03
1.995325088500976562e-03
9.994506835937500000e-04
0.000000000000000000e+00
0.000000000000000000e+00
0.000000000000000000e+00
0.000000000000000000e+00
0.000000000000000000e+00
0.000000000000000000e+00
0.000000000000000000e+00
0.000000000000000000e+00
0.000000000000000000e+00
0.000000000000000000e+00
0.000000000000000000e+00
0.000000000000000000e+00
9.975433349609375000e-04
0.000000000000000000e+00
0.000000000000000000e+00
9.942054748535156250e-04
0.000000000000000000e+00
0.000000000000000000e+00
9.956359863281250000e-04
0.000000000000000000e+00
0.000000000000000000e+00
9.982585906982421875e-04
0.000000000000000000e+00
0.000000000000000000e+00
0.000000000000000000e+00
9.965896606445312500e-04
9.870529174804687500e-04
0.000000000000000000e+00
0.000000000000000000e+00
0.000000000000000000e+00
0.000000000000000000e+00
0.000000000000000000e+00
0.000000000000000000e+00
0.000000000000000000e+00
0.000000000000000000e+00
9.984970092773437500e-04
9.958744049072265625e-04
9.925365447998046875e-04
0.000000000000000000e+00
9.849071502685546875e-04
2.991676330566406250e-03
2.990722656250000000e-03
3.974914550781250000e-03
2.990245819091796875e-03
1.992940902709960938e-03
2.981185913085937500e-03
2.990484237670898438e-03
0.000000000000000000e+00
9.977817535400390625e-04
9.980201721191406250e-04
2.007722854614257812e-03
9.977817535400390625e-04
9.965896606445312500e-04
9.975433349609375000e-04
1.983165740966796875e-03
9.837150573730468750e-04
1.994848251342773438e-03
9.975433349609375000e-04
9.984970092773437500e-04
2.981185913085937500e-03
1.002073287963867188e-03
9.984970092773437500e-04
9.841918945312500000e-04
9.968280792236328125e-04
1.000404357910156250e-03
9.980201721191406250e-04
1.997470855712890625e-03
9.977817535400390625e-04
2.004384994506835938e-03
2.978324890136718750e-03
0.000000000000000000e+00
9.973049163818359375e-04
9.982585906982421875e-04
9.970664978027343750e-04
9.977817535400390625e-04
9.973049163818359375e-04
9.939670562744140625e-04
9.973049163818359375e-04
1.695370674133300781e-02
1.595807075500488281e-02
9.996891021728515625e-04
